Classification report for KNN with k=10

              precision    recall  f1-score   support

           1       1.00      0.90      0.95        10
           2       0.69      0.90      0.78        10
           3       0.80      0.80      0.80        10
           4       0.88      0.70      0.78        10
           5       1.00      0.90      0.95        10
           6       0.77      1.00      0.87        10
           7       0.71      1.00      0.83        10
           8       1.00      0.60      0.75        10
           9       0.89      0.80      0.84        10
          10       1.00      0.90      0.95        10

    accuracy                           0.85       100
   macro avg       0.87      0.85      0.85       100
weighted avg       0.87      0.85      0.85       100



///////////////////////////////////////////////////////
Classification report for Random Forest with n_est= 150

              precision    recall  f1-score   support

           1       1.00      0.90      0.95        10
           2       0.38      1.00      0.56        10
           3       1.00      0.60      0.75        10
           4       1.00      0.60      0.75        10
           5       1.00      0.80      0.89        10
           6       0.00      0.00      0.00        10
           7       0.32      1.00      0.49        10
           8       1.00      0.30      0.46        10
           9       1.00      0.40      0.57        10
          10       1.00      0.70      0.82        10

    accuracy                           0.63       100
   macro avg       0.77      0.63      0.62       100
weighted avg       0.77      0.63      0.62       100
